0.007978439331054688
0.01695418357849121
0.026934385299682617
0.03690767288208008
0.047872066497802734
0.0578460693359375
0.07280445098876953
0.0827786922454834
0.09546303749084473
0.12067770957946777
0.12366890907287598
0.148573637008667
0.13962626457214355
0.15658164024353027
0.18113207817077637
0.19447994232177734
0.20345520973205566
0.20046353340148926
0.22399377822875977
0.2303452491760254
0.2533230781555176
0.26130127906799316
0.2733156681060791
0.291215181350708
0.3251311779022217
0.3390958309173584
0.3730289936065674
0.3610343933105469
0.3702516555786133
0.3762321472167969
0.39497804641723633
0.40691184997558594
0.4697084426879883
0.4368319511413574
0.45478343963623047
0.4729158878326416
0.49489331245422363
0.532719612121582
0.5345699787139893
0.5365645885467529
0.5847201347351074
0.5706491470336914
0.5884256362915039
0.6025686264038086
0.6602330207824707
0.6572055816650391
0.6632263660430908
0.7007541656494141
0.7495455741882324
0.7257785797119141
0.755577802658081
0.7750813961029053
0.7884552478790283
0.8592724800109863
0.7958295345306396
0.8818018436431885
0.8797738552093506
0.8640902042388916
0.9915452003479004
0.9370875358581543
0.9782328605651855
0.9181370735168457
0.9994773864746094
0.9780855178833008
1.068328619003296
1.1036362648010254
1.1055519580841064
1.1052720546722412
1.131629467010498
1.1295695304870605
1.2218327522277832
1.1969621181488037
1.2112529277801514
1.1965644359588623
1.25840425491333
1.2372877597808838
1.318495750427246
1.343634843826294
1.410707712173462
1.4042136669158936
1.374701976776123
1.3463361263275146
1.4056658744812012
1.3918793201446533
1.5135338306427002
1.471970558166504
1.5202372074127197
1.5975048542022705
1.582780122756958
1.4272878170013428
1.480461597442627
1.6051368713378906
1.5210814476013184
1.5890648365020752
1.590027093887329
1.832423448562622
1.672987699508667
1.6354994773864746
1.8239083290100098
1.5602219104766846
