0.006981372833251953
0.015957355499267578
0.026928186416625977
0.03490924835205078
0.045905113220214844
0.055878639221191406
0.07081055641174316
0.08377528190612793
0.09862995147705078
0.118682861328125
0.11967992782592773
0.1356368064880371
0.13663482666015625
0.16431474685668945
0.18228459358215332
0.18851876258850098
0.1874983310699463
0.20046377182006836
0.20744585990905762
0.22739171981811523
0.24544620513916016
0.24830102920532227
0.26628708839416504
0.27526235580444336
0.3311145305633545
0.3470726013183594
0.3450779914855957
0.41448116302490234
0.3510611057281494
0.3899569511413574
0.37912845611572266
0.40189671516418457
0.43986010551452637
0.43810296058654785
0.44381237030029297
0.4587726593017578
0.5026218891143799
0.5247020721435547
0.5096266269683838
0.5626213550567627
0.5585360527038574
0.5609993934631348
0.5904262065887451
0.6233339309692383
0.6133577823638916
0.6225321292877197
0.6693389415740967
0.6719214916229248
0.7642073631286621
0.749993085861206
0.7948737144470215
0.7310433387756348
0.8149433135986328
0.8582918643951416
0.8193404674530029
0.8865041732788086
0.8151974678039551
0.8452291488647461
0.870758056640625
0.9069161415100098
0.9510886669158936
0.967059850692749
0.9566099643707275
1.0225067138671875
1.0139906406402588
1.0564780235290527
1.060875415802002
1.0853221416473389
1.0707521438598633
1.1213629245758057
1.1585516929626465
1.1876213550567627
1.1986701488494873
1.166229248046875
1.2044789791107178
1.2048416137695312
1.255765676498413
1.282193899154663
1.262620210647583
1.2854039669036865
1.3591928482055664
1.3861284255981445
1.3593461513519287
1.416250467300415
1.4711482524871826
1.5418047904968262
1.4850504398345947
1.4628119468688965
1.5185635089874268
1.5381598472595215
1.520143985748291
1.4706525802612305
1.4802970886230469
1.6055335998535156
1.571556806564331
1.5513505935668945
1.5651748180389404
2.3883862495422363
1.6553552150726318
1.7740778923034668
