0.0
0.0
0.0
0.0
0.0
0.0
0.0
0.0
0.0
0.0
0.0
0.0
0.0
0.0
0.0
0.0009975433349609375
0.0
0.0
0.0
0.0
0.000997304916381836
0.0
0.0
0.0
0.0
0.0009970664978027344
0.0
0.0
0.0
0.0
0.0
0.0
0.0
0.0
0.000850677490234375
0.0
0.0009975433349609375
0.0010273456573486328
0.000997781753540039
0.0
0.0
0.0009629726409912109
0.0
0.0
0.0
0.0010046958923339844
0.0
0.0
0.0009975433349609375
0.0
0.0
0.0
0.0009970664978027344
0.0
0.0
0.0
0.0009996891021728516
0.0010085105895996094
0.000997304916381836
0.0
0.000993967056274414
0.0
0.0
0.0009975433349609375
0.001996278762817383
0.0009980201721191406
0.0009698867797851562
0.0
0.0
0.0
0.0009832382202148438
0.0009975433349609375
0.0009958744049072266
0.0009970664978027344
0.000997781753540039
0.0009970664978027344
0.000997304916381836
0.0010249614715576172
0.0009963512420654297
0.0
0.0010211467742919922
0.000997781753540039
0.0009970664978027344
0.0
0.000997304916381836
0.0
0.0009641647338867188
0.0
0.0009903907775878906
0.0
0.0
0.0
0.000997304916381836
0.0009975433349609375
0.0009970664978027344
0.0009937286376953125
0.0
0.0
0.0010056495666503906
0.0009701251983642578
0.0009968280792236328
0.0
0.0009624958038330078
0.0008807182312011719
0.0009925365447998047
0.0010018348693847656
0.0009918212890625
0.0009968280792236328
0.0009887218475341797
0.0009975433349609375
0.0
0.0009922981262207031
0.0009975433349609375
0.000997304916381836
0.0007312297821044922
6.67572021484375e-06
0.0009920597076416016
0.0009927749633789062
0.0010211467742919922
0.0009636878967285156
0.001035451889038086
0.0009970664978027344
0.0010006427764892578
0.0009965896606445312
0.0009987354278564453
0.001020193099975586
0.0010209083557128906
0.0007615089416503906
0.0010018348693847656
0.00077056884765625
0.0010006427764892578
0.0009975433349609375
0.0009799003601074219
0.0009913444519042969
0.0010194778442382812
0.0009942054748535156
0.000997304916381836
0.000997304916381836
0.0009970664978027344
0.0009911060333251953
0.0010068416595458984
0.0009999275207519531
0.0009968280792236328
0.0009913444519042969
0.0009927749633789062
0.0009970664978027344
0.001027822494506836
0.0010247230529785156
0.0009887218475341797
0.0009970664978027344
0.000997304916381836
0.000997304916381836
0.0009911060333251953
0.000997304916381836
0.000993967056274414
0.0009930133819580078
0.0009891986846923828
0.0010268688201904297
0.000997304916381836
0.000997304916381836
0.0010225772857666016
0.000997304916381836
0.0010254383087158203
0.0009968280792236328
0.0009617805480957031
0.0009965896606445312
0.0006735324859619141
0.0019807815551757812
0.0019953250885009766
0.0009913444519042969
0.0019893646240234375
0.0009913444519042969
0.0009999275207519531
0.0009918212890625
0.0019609928131103516
0.0009975433349609375
0.001024484634399414
0.0019681453704833984
0.0018048286437988281
0.0019664764404296875
0.0020232200622558594
0.0009970664978027344
0.0009961128234863281
0.0019948482513427734
0.0010013580322265625
0.0009696483612060547
0.001001119613647461
0.001989603042602539
0.001821279525756836
0.0020203590393066406
0.0010156631469726562
0.0020296573638916016
0.001970529556274414
0.0022313594818115234
0.0020253658294677734
0.000997781753540039
0.0009982585906982422
0.0010254383087158203
0.002019166946411133
0.00096893310546875
0.00201416015625
0.001992940902709961
0.0019943714141845703
0.0009975433349609375
0.0009915828704833984
0.0009968280792236328
0.0029921531677246094
0.001994609832763672
0.0019915103912353516
0.0019960403442382812
0.0009891986846923828
0.0009975433349609375
0.0017933845520019531
0.0010251998901367188
0.001992940902709961
0.0019948482513427734
0.002019643783569336
0.001968860626220703
0.001994609832763672
0.001995086669921875
0.0019943714141845703
0.000997304916381836
0.001995086669921875
0.0019996166229248047
0.0019881725311279297
0.0019941329956054688
0.001989126205444336
0.0019922256469726562
0.003019571304321289
0.002511262893676758
0.001996278762817383
0.0019981861114501953
0.0009918212890625
0.0018901824951171875
0.00202178955078125
0.0009975433349609375
0.0009970664978027344
0.002024412155151367
0.001993894577026367
0.0019948482513427734
0.0019948482513427734
0.000997304916381836
0.001987457275390625
0.0019881725311279297
0.0019948482513427734
0.000997304916381836
