0.0
0.0019969940185546875
0.0061380863189697266
0.007008552551269531
0.009972333908081055
0.012994527816772461
0.016927003860473633
0.020205974578857422
0.021485328674316406
0.02997446060180664
0.03097820281982422
0.03455638885498047
0.036900997161865234
0.0388331413269043
0.04243779182434082
0.04599189758300781
0.04976987838745117
0.052752017974853516
0.0546572208404541
0.05793046951293945
0.06494331359863281
0.06734156608581543
0.07811522483825684
0.07083010673522949
0.0736079216003418
0.07918334007263184
0.07889556884765625
0.08545994758605957
0.08687496185302734
0.09723544120788574
0.09964489936828613
0.11347746849060059
0.11656379699707031
0.1197962760925293
0.11736774444580078
0.12799620628356934
0.11542773246765137
0.12325620651245117
0.12767601013183594
0.12406039237976074
0.12746191024780273
0.13723993301391602
0.17066025733947754
0.14399099349975586
0.15048885345458984
0.1692965030670166
0.1595921516418457
0.1657271385192871
0.15556550025939941
0.15988874435424805
0.18292546272277832
0.19127774238586426
0.17516016960144043
0.2009420394897461
0.16972780227661133
0.17602753639221191
0.18552565574645996
0.2030949592590332
0.1945807933807373
0.19240236282348633
0.1962287425994873
0.1987600326538086
0.21152091026306152
0.20378899574279785
0.20464086532592773
0.2053852081298828
0.2492208480834961
0.24831008911132812
0.2473139762878418
0.26026034355163574
0.25641703605651855
0.26396870613098145
0.27184510231018066
0.2639882564544678
0.2762434482574463
0.2785770893096924
0.32740020751953125
0.29270243644714355
0.30048155784606934
0.2995147705078125
0.29256463050842285
0.30036497116088867
0.30606627464294434
0.3127884864807129
0.3199584484100342
0.30872178077697754
0.3347012996673584
0.3214254379272461
0.3452765941619873
0.3478538990020752
0.3374450206756592
0.3372972011566162
0.3382256031036377
0.339705228805542
0.3387436866760254
0.34966301918029785
0.3495473861694336
0.3631000518798828
0.3606564998626709
0.3481619358062744
