0.0
0.0024924278259277344
0.00600886344909668
0.009439945220947266
0.012830972671508789
0.017682552337646484
0.019762754440307617
0.02333545684814453
0.0256803035736084
0.03690218925476074
0.03600287437438965
0.038640737533569336
0.04114818572998047
0.04542136192321777
0.04858231544494629
0.050776004791259766
0.05382728576660156
0.06897568702697754
0.07027149200439453
0.07148528099060059
0.07495284080505371
0.10227417945861816
0.08929753303527832
0.08890104293823242
0.08913612365722656
0.09217047691345215
0.10262179374694824
0.0976099967956543
0.11533331871032715
0.11801719665527344
0.11277985572814941
0.12337112426757812
0.11910557746887207
0.14828205108642578
0.14502596855163574
0.16710734367370605
0.1438760757446289
0.14631891250610352
0.1520390510559082
0.16019177436828613
0.15985584259033203
0.18341279029846191
0.2011275291442871
0.18751907348632812
0.1789853572845459
0.21101832389831543
0.2045454978942871
0.1945350170135498
0.19561147689819336
0.2009871006011963
0.2853579521179199
0.2115478515625
0.216353178024292
0.22484421730041504
0.2372441291809082
0.26070618629455566
0.2080399990081787
0.23644161224365234
0.2373976707458496
0.24023771286010742
0.23414158821105957
0.23212671279907227
0.2354907989501953
0.2399437427520752
0.24219655990600586
0.24823617935180664
0.27521228790283203
0.288346529006958
0.28432273864746094
0.30015993118286133
0.2962827682495117
0.29726219177246094
0.31624722480773926
0.31963205337524414
0.2989513874053955
0.3214402198791504
0.30838942527770996
0.3201265335083008
0.33307695388793945
0.33626341819763184
0.32315874099731445
0.3334476947784424
0.33235812187194824
0.3414902687072754
0.3430521488189697
0.3384425640106201
0.36260032653808594
0.3583245277404785
0.3580009937286377
0.3751068115234375
0.3684368133544922
0.36998462677001953
0.36888909339904785
0.3716542720794678
0.37536048889160156
0.3814735412597656
0.3762362003326416
0.39347195625305176
0.40673112869262695
0.40445399284362793
