0.0
0.003019094467163086
0.004927158355712891
0.00963735580444336
0.01190185546875
0.014795303344726562
0.017044782638549805
0.021398305892944336
0.02301788330078125
0.03197360038757324
0.03258919715881348
0.037108421325683594
0.039804935455322266
0.04079008102416992
0.043607473373413086
0.04823017120361328
0.04980182647705078
0.05451607704162598
0.05560946464538574
0.05916476249694824
0.06303668022155762
0.0756535530090332
0.07482099533081055
0.07744240760803223
0.07597041130065918
0.0785822868347168
0.07926487922668457
0.0837709903717041
0.09965991973876953
0.10173964500427246
0.10188531875610352
0.11240673065185547
0.11085653305053711
0.13496017456054688
0.12874341011047363
0.15499258041381836
0.12662482261657715
0.1312415599822998
0.13403820991516113
0.1426985263824463
0.15173935890197754
0.16312646865844727
0.18599390983581543
0.17441225051879883
0.16805315017700195
0.1785721778869629
0.1850905418395996
0.192213773727417
0.18616604804992676
0.17688870429992676
0.23877787590026855
0.21274089813232422
0.1934049129486084
0.21605515480041504
0.1908876895904541
0.2087247371673584
0.19533872604370117
0.21776938438415527
0.23784756660461426
0.23046207427978516
0.21499943733215332
0.21770954132080078
0.21824860572814941
0.22954440116882324
0.2228257656097412
0.2332906723022461
0.23175334930419922
0.23507428169250488
0.2357330322265625
0.24784088134765625
0.24518251419067383
0.2523918151855469
0.2746696472167969
0.2519969940185547
0.2550201416015625
0.2654080390930176
0.29869890213012695
0.27167558670043945
0.27614617347717285
0.2892186641693115
0.2742183208465576
0.2898848056793213
0.286029577255249
0.2914867401123047
0.2983589172363281
0.28878045082092285
0.34072303771972656
0.3076307773590088
0.31481361389160156
0.3161458969116211
0.3187398910522461
0.3172903060913086
0.3223433494567871
0.32697010040283203
0.3245391845703125
0.3323788642883301
0.3298056125640869
0.3421742916107178
0.37310171127319336
0.346790075302124
