0.0
0.003554105758666992
0.005323648452758789
0.007984638214111328
0.010898351669311523
0.014908552169799805
0.018001079559326172
0.025103330612182617
0.028301715850830078
0.04672598838806152
0.02983713150024414
0.034943342208862305
0.039893150329589844
0.05211353302001953
0.04340004920959473
0.051340579986572266
0.07805204391479492
0.06351971626281738
0.06183457374572754
0.07329106330871582
0.09311652183532715
0.09765028953552246
0.1087799072265625
0.09906148910522461
0.08577108383178711
0.14216852188110352
0.09186148643493652
0.13553714752197266
0.1085805892944336
0.13902902603149414
0.14253473281860352
0.1408226490020752
0.1546618938446045
0.1788482666015625
0.15909481048583984
0.16725730895996094
0.1782689094543457
0.16697072982788086
0.17965030670166016
0.16703152656555176
0.16521406173706055
0.2163550853729248
0.24506592750549316
0.2577650547027588
0.20663762092590332
0.3071463108062744
0.23942327499389648
0.24476194381713867
0.26265907287597656
0.25063300132751465
0.31862854957580566
0.34601879119873047
0.3142514228820801
0.2752363681793213
0.2651054859161377
0.2737865447998047
0.3451685905456543
0.2869994640350342
0.3645362854003906
0.25780630111694336
0.3275585174560547
0.3323633670806885
0.30160951614379883
0.3613464832305908
0.3427097797393799
0.2850987911224365
0.3283381462097168
0.3335146903991699
0.3744642734527588
0.38281798362731934
0.34387993812561035
0.34522366523742676
0.41195106506347656
0.3319664001464844
0.3960084915161133
0.3811342716217041
0.45420360565185547
0.47672080993652344
0.45900392532348633
0.4373342990875244
0.44008326530456543
0.4323103427886963
0.407137393951416
0.49936485290527344
0.4363429546356201
0.4269394874572754
0.48392701148986816
0.44001317024230957
0.5297086238861084
0.49233317375183105
0.46557140350341797
0.4448974132537842
0.46863579750061035
0.4605135917663574
0.468503475189209
0.4995863437652588
0.4861607551574707
0.53863525390625
0.6117842197418213
0.6072134971618652
