0.02593064308166504
0.04787278175354004
0.0668187141418457
0.1156914234161377
0.1396043300628662
0.15854740142822266
0.18561363220214844
0.21439743041992188
0.2263941764831543
0.25830960273742676
0.30218505859375
0.3231356143951416
0.33809590339660645
0.4478027820587158
0.47871971130371094
0.49268317222595215
0.530580997467041
0.5596330165863037
0.5855953693389893
0.6209220886230469
0.6353018283843994
0.6733391284942627
0.7072527408599854
0.745006799697876
0.7781007289886475
0.8331918716430664
0.8228957653045654
0.8369972705841064
0.8568940162658691
0.9588167667388916
0.9536483287811279
1.0305383205413818
1.0036277770996094
1.0452594757080078
1.1132502555847168
1.0877225399017334
1.205981969833374
1.1979901790618896
1.294823169708252
1.2992796897888184
1.2842462062835693
1.3166980743408203
1.3284571170806885
1.441248893737793
1.4384660720825195
1.4497485160827637
1.5023658275604248
1.52005934715271
1.523078203201294
1.6492466926574707
1.6079347133636475
1.6113574504852295
1.8916890621185303
1.8962430953979492
1.9035561084747314
1.958094596862793
1.9849369525909424
2.028904676437378
2.0369436740875244
2.084202289581299
2.122565269470215
2.168097734451294
2.2088751792907715
2.2457387447357178
2.2911505699157715
2.364084482192993
2.3946480751037598
2.4400370121002197
2.478271007537842
2.511288642883301
2.6319587230682373
2.6873016357421875
2.5936543941497803
2.6386659145355225
2.686676025390625
2.711245059967041
2.8182199001312256
2.8443398475646973
2.8087706565856934
2.7939679622650146
2.850956439971924
2.921135902404785
3.099233865737915
3.0154080390930176
3.1300504207611084
3.186049222946167
3.062086343765259
3.097113847732544
3.154109477996826
3.1886696815490723
3.2078442573547363
3.3056533336639404
3.313978433609009
3.3814785480499268
3.404034376144409
3.460782051086426
3.4922022819519043
3.5375876426696777
3.566000461578369
3.616610050201416
