0.001981496810913086
0.0039598941802978516
0.006980180740356445
0.009004592895507812
0.010970592498779297
0.012964725494384766
0.013963460922241211
0.016916751861572266
0.02196979522705078
0.024932861328125
0.026894092559814453
0.029885053634643555
0.0314784049987793
0.0339047908782959
0.03590655326843262
0.036865949630737305
0.03785896301269531
0.039893388748168945
0.04285073280334473
0.04491448402404785
0.04698610305786133
0.04885435104370117
0.05086207389831543
0.053856849670410156
0.05485272407531738
0.057878971099853516
0.0608372688293457
0.06286859512329102
0.062390804290771484
0.06483101844787598
0.06778478622436523
0.07044601440429688
0.08474087715148926
0.08880162239074707
0.09037017822265625
0.09375238418579102
0.09474992752075195
0.09775161743164062
0.10272479057312012
0.1046915054321289
0.10937809944152832
0.11169981956481934
0.11369538307189941
0.11626410484313965
0.11767292022705078
0.11767983436584473
0.12067770957946777
0.12363505363464355
0.12566351890563965
0.12466549873352051
0.12575912475585938
0.12868857383728027
0.13164639472961426
0.1325063705444336
0.1356639862060547
0.14358186721801758
0.14261794090270996
0.1486043930053711
0.15059685707092285
0.15559124946594238
0.15459156036376953
0.15658116340637207
0.1595442295074463
0.16159892082214355
0.16327381134033203
0.15955162048339844
0.16356182098388672
0.16652584075927734
0.16699910163879395
0.17151236534118652
0.17354154586791992
0.1765286922454834
0.17819428443908691
0.1825113296508789
0.1835312843322754
0.18749785423278809
0.19002556800842285
0.1924893856048584
0.1934828758239746
0.19847631454467773
0.1994774341583252
0.19810247421264648
0.20242953300476074
0.20746755599975586
0.20644760131835938
0.20768046379089355
0.21047663688659668
0.20940899848937988
0.214430570602417
0.2154240608215332
0.2202455997467041
0.2243661880493164
0.22838068008422852
0.22941875457763672
0.23038363456726074
0.235992431640625
0.24040961265563965
0.2413473129272461
0.23739290237426758
0.23536992073059082
0.2379448413848877
0.2400801181793213
0.2433474063873291
0.24437475204467773
0.24832940101623535
0.25032472610473633
0.25842881202697754
0.26286935806274414
0.26329541206359863
0.26326823234558105
0.26428771018981934
0.2682480812072754
0.2708721160888672
0.27140188217163086
0.2692432403564453
0.27127957344055176
0.2742304801940918
0.2762322425842285
0.28025007247924805
0.2834949493408203
0.2834360599517822
0.2832376956939697
0.29723405838012695
0.293215274810791
0.29424118995666504
0.3002316951751709
0.3041858673095703
0.3032255172729492
0.304797887802124
0.3097960948944092
0.3181147575378418
0.3680109977722168
0.3680098056793213
0.37200307846069336
0.37401676177978516
0.3759944438934326
0.37699127197265625
0.38098573684692383
0.3859391212463379
0.391956090927124
0.39383625984191895
0.4006783962249756
0.39653825759887695
0.398634672164917
0.4009881019592285
0.40365099906921387
0.4056267738342285
0.4055633544921875
0.4105491638183594
0.4122614860534668
0.416487455368042
0.41825103759765625
0.4155392646789551
0.41714048385620117
0.41901516914367676
0.42503929138183594
0.42600321769714355
0.43207359313964844
0.4359562397003174
0.4366183280944824
0.43706583976745605
0.44596028327941895
0.44507598876953125
0.4553670883178711
0.45935511589050293
0.46282005310058594
0.46771955490112305
0.4677767753601074
0.46877455711364746
0.4717109203338623
0.47672438621520996
0.4837007522583008
0.4847259521484375
0.49068760871887207
0.4892721176147461
0.49077606201171875
0.4934399127960205
0.49482035636901855
0.499861478805542
0.5053949356079102
0.5156972408294678
0.5105962753295898
0.5355386734008789
0.5216033458709717
0.5246310234069824
0.5168678760528564
0.5188016891479492
0.5158166885375977
0.5129015445709229
0.5312228202819824
0.5545134544372559
0.5445437431335449
0.5744643211364746
0.5458223819732666
0.5647256374359131
0.551722526550293
0.541140079498291
0.5245985984802246
0.5405538082122803
0.536541223526001
0.5537571907043457
0.5551319122314453
0.560948371887207
0.561633825302124
0.5494949817657471
0.5485541820526123
0.5515539646148682
0.5514404773712158
0.5586416721343994
0.5497763156890869
0.5701417922973633
0.562488317489624
0.574462890625
0.5604681968688965
0.5636851787567139
0.5736339092254639
0.5702650547027588
0.5690314769744873
0.5784528255462646
0.5734312534332275
0.5870091915130615
0.5846829414367676
0.5877010822296143
0.591789722442627
0.6013681888580322
0.5934123992919922
0.596489667892456
0.5988593101501465
0.6048743724822998
0.6205465793609619
0.6213071346282959
0.624945878982544
0.6284177303314209
0.6245548725128174
0.6258862018585205
0.629314661026001
0.6319751739501953
0.6390881538391113
0.6408989429473877
0.6463832855224609
0.6512579917907715
0.6585488319396973
0.650000810623169
0.6533653736114502
0.6642506122589111
0.6572465896606445
0.6842031478881836
0.6773407459259033
0.6662123203277588
0.6730422973632812
0.6684234142303467
0.6718676090240479
0.6752216815948486
0.6813986301422119
0.6844654083251953
0.682898759841919
0.6911513805389404
0.6987323760986328
0.6913185119628906
0.6937198638916016
0.6951336860656738
0.703315019607544
0.6717803478240967
0.6741688251495361
0.6828134059906006
0.6834068298339844
0.6873090267181396
0.6861362457275391
0.6918742656707764
0.6921160221099854
0.7004873752593994
0.7001605033874512
0.7098019123077393
0.7063298225402832
0.7051115036010742
0.7107470035552979
0.712439775466919
0.7168436050415039
0.719111442565918
0.7162356376647949
0.7282524108886719
0.7200446128845215
0.7267382144927979
0.7294762134552002
0.7336564064025879
0.7385587692260742
0.7442007064819336
0.7674407958984375
0.7590680122375488
0.7591602802276611
0.7576515674591064
0.7511703968048096
0.7512063980102539
0.7561800479888916
0.7655973434448242
0.7764904499053955
0.7769503593444824
0.7751486301422119
0.7780799865722656
0.7769224643707275
0.7828240394592285
0.7870604991912842
0.7904415130615234
0.7969226837158203
0.7969145774841309
0.8002727031707764
0.8021261692047119
0.8048765659332275
0.8045179843902588
0.8090159893035889
0.8280689716339111
0.8288931846618652
0.8587057590484619
0.8199362754821777
0.8170785903930664
0.8307068347930908
0.8395133018493652
0.8433008193969727
0.8329298496246338
0.8507819175720215
0.852287769317627
0.8529455661773682
0.8404178619384766
0.8444371223449707
0.8568315505981445
0.8529515266418457
0.8537158966064453
0.8389508724212646
0.8410043716430664
0.8429009914398193
0.8462584018707275
0.8602304458618164
0.8500103950500488
0.8530166149139404
0.8579056262969971
0.8579094409942627
0.8618299961090088
0.8644201755523682
0.8762729167938232
0.8722701072692871
0.8713154792785645
0.8769931793212891
0.8811118602752686
0.8824822902679443
0.8817059993743896
0.8898212909698486
0.8888492584228516
0.8897581100463867
0.8913016319274902
0.8942043781280518
0.897047758102417
0.9017214775085449
0.9102392196655273
0.9106075763702393
0.9121429920196533
0.9144747257232666
0.9137585163116455
0.9191663265228271
0.9464397430419922
0.9235095977783203
0.9391062259674072
0.9377560615539551
0.9406445026397705
0.944725751876831
0.9490714073181152
0.9537925720214844
0.952075719833374
0.9508965015411377
0.9551472663879395
0.9594297409057617
0.9622364044189453
0.9775207042694092
0.9689900875091553
0.9695749282836914
0.9751880168914795
0.9736073017120361
0.9721083641052246
0.9764788150787354
0.982541561126709
0.9825990200042725
0.9855685234069824
0.9915995597839355
0.9925119876861572
0.9945383071899414
1.003373384475708
1.0010733604431152
1.001070261001587
1.009535551071167
1.012446641921997
1.0110583305358887
1.0163357257843018
1.017200231552124
1.0178241729736328
0.9960103034973145
0.9980731010437012
0.9994313716888428
0.9974873065948486
1.0099401473999023
1.0017054080963135
1.0080029964447021
1.0110039710998535
1.013906717300415
1.0160226821899414
1.0334088802337646
1.0239958763122559
1.0673935413360596
1.0423800945281982
1.037872076034546
1.0382962226867676
1.052330732345581
1.0419950485229492
1.0463552474975586
1.0463964939117432
1.0478482246398926
1.06840181350708
1.0582668781280518
1.0575299263000488
1.060887336730957
1.0623784065246582
1.0715749263763428
1.068511724472046
1.0767934322357178
1.0757906436920166
1.078324556350708
1.0762627124786377
1.0916550159454346
1.0893123149871826
1.1057686805725098
1.13427734375
1.1500575542449951
1.1211662292480469
1.1241765022277832
1.1542317867279053
1.1410515308380127
1.1360774040222168
1.1160438060760498
1.1171798706054688
1.1227571964263916
1.1272714138031006
1.13749361038208
1.1327126026153564
1.1332087516784668
1.1383869647979736
1.1335010528564453
1.1380813121795654
1.1844868659973145
1.143660306930542
1.1445655822753906
1.1516270637512207
1.1511569023132324
1.154062032699585
1.1617004871368408
1.1621143817901611
1.161247968673706
1.1645889282226562
1.1690239906311035
1.1792163848876953
1.172243595123291
1.1491332054138184
1.1499769687652588
1.1484286785125732
1.1531457901000977
1.1650426387786865
1.1581103801727295
1.1635856628417969
1.166189193725586
1.1696510314941406
1.1707313060760498
1.1896023750305176
1.18092679977417
1.1825666427612305
1.1840569972991943
1.1851766109466553
1.189012050628662
1.1994829177856445
1.191516637802124
1.1973581314086914
1.2001969814300537
1.2040491104125977
1.2038865089416504
1.2100987434387207
1.203080654144287
1.208531141281128
1.2145249843597412
1.2154819965362549
1.231858253479004
1.3211588859558105
1.2187519073486328
1.2254207134246826
1.2259454727172852
1.2389016151428223
1.2444756031036377
1.242490530014038
1.2454657554626465
1.2498316764831543
1.242809772491455
1.2637240886688232
1.2554552555084229
1.2615256309509277
1.2647123336791992
1.2672038078308105
1.28078031539917
1.2750535011291504
1.2817564010620117
1.2776107788085938
1.2799272537231445
1.2857961654663086
1.2947096824645996
1.2897589206695557
1.291778326034546
1.2922308444976807
1.2910525798797607
1.3084607124328613
1.3010070323944092
1.3026704788208008
1.3036561012268066
1.3092787265777588
1.3431544303894043
1.3675098419189453
1.376920223236084
1.320207118988037
1.3192558288574219
1.3354160785675049
1.367647647857666
1.5651226043701172
1.545957088470459
1.5610342025756836
1.5525991916656494
1.5652754306793213
1.5496432781219482
1.5536484718322754
1.5622868537902832
1.5761160850524902
1.5670695304870605
1.5750093460083008
1.5750441551208496
1.5718417167663574
1.5756704807281494
1.588672399520874
1.582916259765625
1.5763163566589355
1.6504976749420166
1.6588103771209717
1.644824743270874
1.6616270542144775
1.6341733932495117
1.631617546081543
1.6930105686187744
1.665750503540039
1.6259045600891113
1.6887707710266113
1.6476695537567139
1.700697660446167
1.686260461807251
1.6937925815582275
1.6649062633514404
1.682650089263916
1.7052223682403564
1.698880910873413
1.6616857051849365
1.725475788116455
1.6808714866638184
1.698934555053711
1.6964712142944336
1.6780872344970703
1.7175641059875488
1.7023134231567383
1.6897788047790527
1.6968598365783691
1.6821045875549316
1.6946594715118408
1.6973357200622559
1.6949729919433594
1.6741430759429932
1.6697163581848145
1.6734306812286377
1.6809451580047607
1.6784565448760986
1.680161952972412
1.6839923858642578
1.688323736190796
1.7013664245605469
1.6956424713134766
1.693901538848877
1.7028582096099854
1.7268469333648682
1.7014579772949219
1.7097387313842773
1.71187424659729
1.7016305923461914
1.7206056118011475
1.6998085975646973
1.7458405494689941
1.7465944290161133
1.74176025390625
1.7257137298583984
1.7194910049438477
1.726794958114624
1.7407150268554688
1.7356750965118408
1.7362375259399414
1.7366163730621338
1.742067813873291
1.755924940109253
1.7468152046203613
1.7525262832641602
1.7460715770721436
1.7633390426635742
1.7610323429107666
1.7565152645111084
1.7589130401611328
1.7727866172790527
1.766801118850708
1.763120412826538
1.7699286937713623
1.7726390361785889
1.781759262084961
1.782989501953125
1.7953884601593018
1.7835547924041748
1.8005890846252441
1.794189453125
1.8193533420562744
1.801570177078247
1.819019079208374
1.812002182006836
1.814493179321289
1.893035650253296
1.8344848155975342
1.8798549175262451
1.8922886848449707
1.8330163955688477
1.8688907623291016
1.8369693756103516
1.8379342555999756
1.8409397602081299
1.8518242835998535
1.8470098972320557
1.8534624576568604
1.8538405895233154
1.8628044128417969
1.864713191986084
1.8702540397644043
1.8722152709960938
1.8677542209625244
1.877859354019165
1.8809022903442383
1.875943660736084
1.879333734512329
1.8913094997406006
1.8868770599365234
1.8891658782958984
1.8907744884490967
1.9004254341125488
1.8951330184936523
1.9427337646484375
1.9460630416870117
1.9516267776489258
1.949514389038086
1.953263521194458
1.9585826396942139
1.967592477798462
1.9631164073944092
1.967283010482788
1.9735658168792725
1.9815316200256348
1.9740970134735107
1.9784038066864014
1.9844355583190918
1.9826018810272217
1.9910929203033447
1.9836037158966064
2.05613374710083
1.9895899295806885
1.9927263259887695
1.9945485591888428
2.012465238571167
2.0039896965026855
2.004631757736206
2.085705280303955
2.0222039222717285
2.0123043060302734
2.053900718688965
2.076887845993042
2.1060993671417236
2.055436134338379
2.0686440467834473
2.0317461490631104
2.0478262901306152
2.040924549102783
2.047898292541504
2.058321475982666
2.056337356567383
2.053462505340576
2.061947822570801
2.075734853744507
2.0702996253967285
2.0714595317840576
2.0719306468963623
2.082386016845703
2.0773210525512695
2.076314687728882
2.0862834453582764
2.092947244644165
2.0887351036071777
2.0917234420776367
2.098710060119629
2.099968910217285
2.093153476715088
2.096851110458374
2.1351840496063232
2.1031153202056885
2.110739231109619
2.1118359565734863
2.128748893737793
2.1118035316467285
2.11185884475708
2.1152424812316895
2.1278560161590576
2.1225335597991943
2.0934605598449707
2.100771903991699
2.103302240371704
2.0961930751800537
2.102846384048462
2.119710683822632
2.112544059753418
2.1095051765441895
2.11728835105896
2.1390774250030518
2.1358602046966553
2.128044366836548
2.14703631401062
2.2134714126586914
2.2431159019470215
2.1497538089752197
2.163135051727295
2.132766008377075
2.237460136413574
2.150069236755371
2.1615803241729736
2.1487205028533936
2.155125617980957
2.1550822257995605
2.1663658618927
2.163872480392456
2.1689603328704834
2.1822876930236816
2.1659626960754395
2.1694040298461914
2.174516439437866
2.187743902206421
2.1831841468811035
2.1865975856781006
2.2026612758636475
2.201169729232788
2.2004616260528564
2.205061674118042
2.223200798034668
2.2047336101531982
2.212326765060425
2.2132248878479004
2.225191831588745
2.215566873550415
2.2255899906158447
2.234652280807495
2.226473808288574
2.229820489883423
2.239307403564453
2.2467267513275146
2.2399322986602783
2.2483408451080322
2.2538700103759766
2.248854637145996
2.242807626724243
2.2485744953155518
2.265012264251709
2.254326105117798
2.26391339302063
2.2738277912139893
2.2702252864837646
2.267972946166992
2.267270565032959
2.2870938777923584
2.285717487335205
2.283536434173584
2.2080326080322266
2.203629970550537
2.2069900035858154
2.2792208194732666
2.332066774368286
2.236825466156006
2.3087408542633057
2.257214307785034
2.290870428085327
2.239772081375122
2.2374916076660156
2.2821247577667236
2.2974133491516113
2.2923176288604736
2.2737858295440674
2.2454020977020264
2.257863998413086
2.260730504989624
2.2628097534179688
2.267467975616455
2.2685420513153076
2.2621676921844482
2.2604658603668213
2.257817506790161
2.26477313041687
2.279615640640259
2.267246723175049
2.2790586948394775
2.314112663269043
2.32541823387146
2.3440768718719482
2.3142001628875732
2.315190315246582
2.3038971424102783
2.308276653289795
2.3142642974853516
2.3166282176971436
2.314427137374878
2.312939167022705
2.3282313346862793
2.316155195236206
2.3176424503326416
2.3370959758758545
2.3266994953155518
2.333986282348633
2.3292768001556396
2.340695858001709
2.3355507850646973
2.339916944503784
2.349515199661255
2.3515000343322754
2.3463971614837646
2.352595090866089
2.3515961170196533
2.3559648990631104
2.3605282306671143
2.368709087371826
2.361612319946289
2.365913152694702
2.380002498626709
2.3754029273986816
2.3689768314361572
2.3743278980255127
2.3820581436157227
2.376171112060547
2.362699270248413
2.3786540031433105
2.366895914077759
2.3795738220214844
2.3830151557922363
2.383781909942627
2.380073308944702
2.387404203414917
2.4057204723358154
2.395498275756836
2.3999979496002197
2.416839599609375
2.401256799697876
2.4019432067871094
2.400813102722168
2.412921905517578
2.407942295074463
2.4091527462005615
2.4220376014709473
2.4136462211608887
2.418327569961548
2.435584783554077
2.419433116912842
2.4201550483703613
2.4257187843322754
2.4353675842285156
2.4331212043762207
2.4378504753112793
2.4548144340515137
2.444870948791504
2.443315267562866
2.466186761856079
2.4533910751342773
2.4618144035339355
2.460728406906128
2.4883055686950684
2.4736313819885254
2.4774253368377686
2.4934849739074707
2.4861562252044678
2.483046531677246
2.4974732398986816
2.4914355278015137
2.4994442462921143
2.5101068019866943
2.4982707500457764
2.4997904300689697
2.5068724155426025
2.54638934135437
2.510097026824951
2.5103249549865723
2.5327582359313965
2.51765513420105
2.525202751159668
2.5370407104492188
2.5288631916046143
2.520620822906494
2.539285182952881
2.531850576400757
2.537031412124634
2.5439159870147705
2.544142723083496
2.5410757064819336
2.548841714859009
2.5630228519439697
2.5559654235839844
2.5987353324890137
2.6199910640716553
2.617894172668457
2.606391429901123
2.618366241455078
2.60868763923645
2.615156888961792
2.63216233253479
2.622601270675659
2.632373332977295
2.654006242752075
2.633774518966675
2.6268086433410645
2.648655891418457
2.6375768184661865
2.640124797821045
2.6554694175720215
2.646502733230591
2.6378324031829834
2.6540112495422363
2.6541028022766113
2.677833318710327
2.66331148147583
2.674445629119873
2.662498712539673
2.6660430431365967
2.681450366973877
2.675441265106201
2.6822352409362793
2.69753360748291
2.686525821685791
2.682569980621338
2.699723243713379
2.691340923309326
2.6937451362609863
2.7146718502044678
2.7034902572631836
2.717200517654419
2.7253425121307373
2.7123920917510986
2.726790428161621
2.8080732822418213
2.815062999725342
2.7311880588531494
2.797935724258423
2.830003023147583
2.8155264854431152
2.8398256301879883
2.8189094066619873
2.775503158569336
2.846137046813965
2.75191593170166
2.7522168159484863
2.744967222213745
2.7702693939208984
2.75361704826355
2.7531826496124268
2.7441978454589844
2.7511916160583496
2.7645392417907715
2.7524750232696533
2.752906560897827
2.7637016773223877
2.7588164806365967
2.802029609680176
2.778379201889038
2.7711100578308105
2.776259183883667
2.787224292755127
2.779924154281616
2.7744250297546387
2.792609214782715
2.7815046310424805
2.783811092376709
2.803847074508667
2.8005564212799072
2.8048994541168213
2.8121585845947266
2.8015565872192383
2.810420274734497
2.811443567276001
2.8051230907440186
2.8081068992614746
