0.00201416015625
0.003989219665527344
0.0069811344146728516
0.009969472885131836
0.010970592498779297
0.013956069946289062
0.01595163345336914
0.01694941520690918
0.02396559715270996
0.024962663650512695
0.028887033462524414
0.030945301055908203
0.03291893005371094
0.034917593002319336
0.03686666488647461
0.03889346122741699
0.041853904724121094
0.04243206977844238
0.0468745231628418
0.04887509346008301
0.04984331130981445
0.05286288261413574
0.05684804916381836
0.05684709548950195
0.05981183052062988
0.061414241790771484
0.06482648849487305
0.06785249710083008
0.06881594657897949
0.06984758377075195
0.07280516624450684
0.07483434677124023
0.09171843528747559
0.09372138977050781
0.0987396240234375
0.09970498085021973
0.10076451301574707
0.10269618034362793
0.10574555397033691
0.10667920112609863
0.11466407775878906
0.11670970916748047
0.12067675590515137
0.12166714668273926
0.12366795539855957
0.12666726112365723
0.12787652015686035
0.1296539306640625
0.13364219665527344
0.131181001663208
0.13460540771484375
0.13766765594482422
0.138594388961792
0.14216279983520508
0.14664220809936523
0.1486361026763916
0.15213727951049805
0.15558409690856934
0.15854191780090332
0.15956377983093262
0.1636812686920166
0.16455316543579102
0.16852092742919922
0.1685495376586914
0.17353582382202148
0.16751718521118164
0.17556285858154297
0.17452406883239746
0.17664194107055664
0.18253469467163086
0.18851923942565918
0.18351006507873535
0.18956661224365234
0.19145965576171875
0.19749999046325684
0.19743800163269043
0.2001049518585205
0.20248699188232422
0.2074110507965088
0.20441579818725586
0.21434473991394043
0.20946860313415527
0.2184157371520996
0.22040987014770508
0.21941351890563965
0.22160840034484863
0.2263948917388916
0.22140765190124512
0.2313826084136963
0.23137569427490234
0.23918938636779785
0.24238204956054688
0.24834132194519043
0.24534964561462402
0.2503349781036377
0.2499690055847168
0.260103702545166
0.2602725028991699
0.2613351345062256
0.25828075408935547
0.2593395709991455
0.26102209091186523
0.2654228210449219
0.2603030204772949
0.2702775001525879
0.26930713653564453
0.2812530994415283
0.2818894386291504
0.28838062286376953
0.28524303436279297
0.29119133949279785
0.2902238368988037
0.29621267318725586
0.29424118995666504
0.29824233055114746
0.2948122024536133
0.29427170753479004
0.295210599899292
0.30321764945983887
0.29919910430908203
0.31316256523132324
0.30913853645324707
0.3263111114501953
0.3219032287597656
0.32781052589416504
0.32013463973999023
0.3251223564147949
0.321169376373291
0.3321056365966797
0.3320775032043457
0.34108710289001465
0.3940403461456299
0.39155054092407227
0.3961043357849121
0.4010941982269287
0.3953242301940918
0.40453672409057617
0.40213656425476074
0.4141108989715576
0.4103844165802002
0.4201993942260742
0.41707348823547363
0.4245891571044922
0.4169774055480957
0.42952561378479004
0.42653727531433105
0.4334843158721924
0.42946672439575195
0.43221330642700195
0.43842411041259766
0.4461660385131836
0.43547964096069336
0.4460599422454834
0.4449474811553955
0.45296478271484375
0.45293593406677246
0.4609382152557373
0.45986294746398926
0.4685702323913574
0.45938563346862793
0.4752998352050781
0.4698169231414795
0.48072242736816406
0.4916567802429199
0.49068713188171387
0.49367856979370117
0.5026557445526123
0.49567270278930664
0.5106391906738281
0.508188009262085
0.5223305225372314
0.513787031173706
0.5197224617004395
0.5187766551971436
0.5276837348937988
0.5176174640655518
0.5296118259429932
0.5315706729888916
0.5654869079589844
0.5622115135192871
0.5486235618591309
0.5597755908966064
0.5577003955841064
0.543546199798584
0.5535194873809814
0.5565106868743896
0.5458064079284668
0.5491657257080078
0.571129560470581
0.5667166709899902
0.5824415683746338
0.5844364166259766
0.5930187702178955
0.5886170864105225
0.5875928401947021
0.5770056247711182
0.5724687576293945
0.5655167102813721
0.5926895141601562
0.5810275077819824
0.6018116474151611
0.5945777893066406
0.5874288082122803
0.581444263458252
0.5810496807098389
0.578345537185669
0.5895583629608154
0.5781354904174805
0.6143784523010254
0.5973997116088867
0.6075074672698975
0.5946321487426758
0.5966179370880127
0.6059966087341309
0.6123666763305664
0.6003639698028564
0.619563102722168
0.6115400791168213
0.6204676628112793
0.6133589744567871
0.6213083267211914
0.6270420551300049
0.6329216957092285
0.6216475963592529
0.6372668743133545
0.6302778720855713
0.6454775333404541
0.6395344734191895
0.6417858600616455
0.6522488594055176
0.6687932014465332
0.6538341045379639
0.6668527126312256
0.6602389812469482
0.6751947402954102
0.671783447265625
0.675417423248291
0.6808176040649414
0.6961321830749512
0.6768996715545654
0.6922614574432373
0.6947207450866699
0.6971337795257568
0.7151212692260742
0.7122111320495605
0.7021205425262451
0.7159922122955322
0.7003064155578613
0.7176997661590576
0.7111001014709473
0.7183289527893066
0.7203352451324463
0.7170767784118652
0.7288482189178467
0.7386760711669922
0.7236266136169434
0.7415785789489746
0.7339723110198975
0.748232364654541
0.7396388053894043
0.7429935932159424
0.7572109699249268
0.7240350246429443
0.7133297920227051
0.7302415370941162
0.7250885963439941
0.7383794784545898
0.7308170795440674
0.734616756439209
0.7455806732177734
0.753232479095459
0.7450752258300781
0.7577531337738037
0.7507534027099609
0.7599833011627197
0.753986120223999
0.7641563415527344
0.7614612579345703
0.7700016498565674
0.7594201564788818
0.778099775314331
0.7695038318634033
0.7901036739349365
0.8043093681335449
0.7959692478179932
0.7920718193054199
0.7948729991912842
0.7860851287841797
0.803095817565918
0.7974913120269775
0.8064672946929932
0.8084323406219482
0.8055968284606934
0.8080158233642578
0.8308131694793701
0.8169689178466797
0.8326611518859863
0.825444221496582
0.8441674709320068
0.8308060169219971
0.8344142436981201
0.838137149810791
0.8502335548400879
0.8428645133972168
0.861722469329834
0.8563995361328125
0.8968846797943115
0.8818380832672119
0.8662734031677246
0.8619182109832764
0.8764317035675049
0.8754217624664307
0.9047436714172363
0.8727717399597168
0.8952450752258301
0.8926472663879395
0.8958187103271484
0.8756575584411621
0.8923044204711914
0.8901960849761963
0.9108006954193115
0.8947429656982422
0.9077355861663818
0.9008018970489502
0.906731367111206
0.9051370620727539
0.9256720542907715
0.888909101486206
0.9087698459625244
0.9017646312713623
0.912792444229126
0.9046566486358643
0.9166374206542969
0.9171977043151855
0.9242110252380371
0.9162819385528564
0.9395527839660645
0.9296319484710693
0.9365594387054443
0.9352576732635498
0.9367227554321289
0.9387030601501465
0.9531347751617432
0.9387481212615967
0.9538688659667969
0.9485385417938232
0.97104811668396
0.9536533355712891
0.9559636116027832
0.951594352722168
0.9685821533203125
0.9551610946655273
0.988328218460083
0.9689724445343018
0.9879744052886963
0.9756474494934082
0.9825608730316162
0.9865856170654297
1.0019338130950928
0.9846808910369873
1.0109257698059082
1.001760482788086
1.0175871849060059
1.0133213996887207
1.0144884586334229
1.0273983478546143
1.028477668762207
1.0100197792053223
1.0370221138000488
1.0284533500671387
1.0409016609191895
1.0364131927490234
1.032423496246338
1.0443522930145264
1.0518405437469482
1.0353870391845703
1.06040358543396
1.0502774715423584
1.0663793087005615
1.0589210987091064
1.05592942237854
1.0547654628753662
1.0678322315216064
1.05411696434021
1.0830512046813965
1.0736441612243652
1.090210199356079
1.0808749198913574
1.0852069854736328
1.0832300186157227
1.1036593914031982
1.0796682834625244
1.1017835140228271
1.0678761005401611
1.0867161750793457
1.0738780498504639
1.0939531326293945
1.0809180736541748
1.1262328624725342
1.0852422714233398
1.1000442504882812
1.0938022136688232
1.1152327060699463
1.095254898071289
1.1007499694824219
1.1051924228668213
1.1260042190551758
1.1151959896087646
1.1305162906646729
1.1117796897888184
1.1308138370513916
1.1217765808105469
1.1233363151550293
1.1238839626312256
1.1455531120300293
1.1152548789978027
1.1390950679779053
1.1385304927825928
1.1491832733154297
1.1586558818817139
1.1857702732086182
1.1949164867401123
1.1830267906188965
1.1501080989837646
1.216670036315918
1.1915497779846191
1.197946310043335
1.1699001789093018
1.1780495643615723
1.1776108741760254
1.1950628757476807
1.178410530090332
1.2022504806518555
1.184889316558838
1.2045810222625732
1.19004225730896
1.2219974994659424
1.206568956375122
1.2120473384857178
1.1954395771026611
1.2213566303253174
1.2118771076202393
1.231529712677002
1.210911750793457
1.2143099308013916
1.214515209197998
1.2374954223632812
1.2152299880981445
1.2448458671569824
1.2288920879364014
1.2477214336395264
1.237184762954712
1.244572639465332
1.256819725036621
1.2578754425048828
1.237365484237671
1.259873867034912
1.2532007694244385
1.2432560920715332
1.2388436794281006
1.255641222000122
1.2422900199890137
1.258394718170166
1.2345774173736572
1.2721736431121826
1.2503838539123535
1.2635154724121094
1.254396677017212
1.2844347953796387
1.2736432552337646
1.2860145568847656
1.2543232440948486
1.2847294807434082
1.274388313293457
1.2933084964752197
1.2967469692230225
1.4069271087646484
1.277627944946289
1.2991902828216553
1.2748243808746338
1.3176658153533936
1.2943639755249023
1.312159538269043
1.3049051761627197
1.3129408359527588
1.3124468326568604
1.329554557800293
1.2993085384368896
1.3256349563598633
1.317716121673584
1.3406908512115479
1.3408126831054688
1.3444578647613525
1.3434946537017822
1.3596320152282715
1.3328673839569092
1.3747224807739258
1.3564624786376953
1.3695731163024902
1.360994815826416
1.3630967140197754
1.3690237998962402
1.3775954246520996
1.357517957687378
1.390458583831787
1.378067970275879
1.420912504196167
1.4183988571166992
1.435755729675293
1.377051830291748
1.3940565586090088
1.377521276473999
1.4434421062469482
1.4218764305114746
1.4167413711547852
1.41261887550354
1.4063098430633545
1.4026343822479248
1.4311153888702393
1.3935887813568115
1.427544355392456
1.4216268062591553
1.434499740600586
1.4384732246398926
1.6256020069122314
1.6217529773712158
1.655221939086914
1.6156790256500244
1.6522436141967773
1.6364712715148926
1.6776022911071777
1.705653190612793
1.754551887512207
1.7191705703735352
1.7270517349243164
1.689897060394287
1.742236614227295
1.7410273551940918
1.6868858337402344
1.7497553825378418
1.7255427837371826
1.73881196975708
1.7716419696807861
1.7435264587402344
1.7436611652374268
1.7367513179779053
1.7710025310516357
1.7417950630187988
1.7241294384002686
1.7823162078857422
1.7586286067962646
1.7417924404144287
1.7678322792053223
1.7279529571533203
1.7864603996276855
1.7621030807495117
1.7542188167572021
1.76462721824646
1.7569270133972168
1.7759017944335938
1.7950797080993652
1.7605595588684082
1.7461590766906738
1.7427351474761963
1.7426388263702393
1.7641942501068115
1.770303726196289
1.7427585124969482
1.7812435626983643
1.7642900943756104
1.7795565128326416
1.7635881900787354
1.779676914215088
1.7618777751922607
1.7873725891113281
1.7546603679656982
1.7916553020477295
1.7822151184082031
1.8194215297698975
1.7845830917358398
1.8312029838562012
1.834209680557251
1.8424859046936035
1.79805326461792
1.8222134113311768
1.8045287132263184
1.8387105464935303
1.81412672996521
1.8190500736236572
1.800410270690918
1.828869342803955
1.8027894496917725
1.8374848365783691
1.8216161727905273
1.8351266384124756
1.829636573791504
1.82808256149292
1.828488826751709
1.8705065250396729
1.8423593044281006
1.8616223335266113
1.8424153327941895
1.8615200519561768
1.8671493530273438
1.8603720664978027
1.8547523021697998
1.8723714351654053
1.849942684173584
1.878990888595581
1.8640196323394775
1.878666877746582
1.880824327468872
1.8781213760375977
1.874361276626587
1.9678051471710205
1.877342700958252
1.9626028537750244
1.9501309394836426
1.9207589626312256
1.927765130996704
1.907752275466919
1.9038810729980469
1.940706729888916
1.9211323261260986
1.9377663135528564
1.9214332103729248
1.9406087398529053
1.9346089363098145
1.9312283992767334
1.941107988357544
1.968407154083252
1.9391682147979736
1.958038330078125
1.9458324909210205
1.966040849685669
1.963106632232666
1.9581949710845947
1.9527020454406738
1.9637205600738525
1.945246696472168
1.9844882488250732
1.9666600227355957
1.9872369766235352
1.9759509563446045
1.9789488315582275
1.9794728755950928
1.9963271617889404
1.983494520187378
2.002488613128662
1.986198902130127
2.0160655975341797
2.0054612159729004
2.004462480545044
1.9994003772735596
2.017369031906128
2.038295030593872
2.0838353633880615
2.057811737060547
2.123753547668457
2.061398506164551
2.066030263900757
2.071347951889038
2.109206438064575
2.0668485164642334
2.113349437713623
2.1573245525360107
2.1185457706451416
2.087074041366577
2.149355173110962
2.144331693649292
2.16593861579895
2.1261966228485107
2.131615161895752
2.111133098602295
2.12168550491333
2.103740692138672
2.113757371902466
2.1192750930786133
2.1317694187164307
2.1018781661987305
2.1355984210968018
2.134073495864868
2.1506683826446533
2.1308984756469727
2.143860340118408
2.140637159347534
2.1657357215881348
2.129784107208252
2.1887381076812744
2.1546287536621094
2.181985855102539
2.154679536819458
2.1966118812561035
2.1689469814300537
2.188614845275879
2.196610927581787
2.1998300552368164
2.182547092437744
2.21421217918396
2.2025911808013916
2.1925864219665527
2.188584804534912
2.2089908123016357
2.1877293586730957
2.21728777885437
2.204078435897827
2.259721040725708
2.2152292728424072
2.2168710231781006
2.2146079540252686
2.2577426433563232
2.2060320377349854
2.2449657917022705
2.2253739833831787
2.254871129989624
2.2318718433380127
2.2384793758392334
2.2776546478271484
2.380303144454956
2.2670886516571045
2.23555064201355
2.2134244441986084
2.309105157852173
2.22481107711792
2.2321581840515137
2.2195801734924316
2.247692108154297
2.215862512588501
2.2690577507019043
2.2372941970825195
2.26208758354187
2.2541441917419434
2.254734992980957
2.244173049926758
2.2638654708862305
2.2392544746398926
2.2755162715911865
2.2494564056396484
2.2961220741271973
2.261630058288574
2.2687604427337646
2.2632529735565186
2.30236554145813
2.259657621383667
2.2991464138031006
2.285309314727783
2.3038604259490967
2.285979747772217
2.289100170135498
2.2980270385742188
2.311042308807373
2.28318190574646
2.3394320011138916
2.312256097793579
2.33017897605896
2.3137624263763428
2.3272011280059814
2.3152129650115967
2.347733974456787
2.319509506225586
2.3556034564971924
2.3341026306152344
2.370602607727051
2.343885660171509
2.3425304889678955
2.3370842933654785
2.3848018646240234
2.3231914043426514
2.3734829425811768
2.3638503551483154
2.3861403465270996
2.3667571544647217
2.4917919635772705
2.414080858230591
2.405596971511841
2.4475574493408203
2.4433646202087402
2.4388954639434814
2.446768283843994
2.4056859016418457
2.4711201190948486
2.4559805393218994
2.4343161582946777
2.394918203353882
2.4383914470672607
2.4199132919311523
2.361553192138672
2.3384530544281006
2.351813554763794
2.344940662384033
2.3662049770355225
2.3286614418029785
2.37444806098938
2.3653836250305176
2.372962236404419
2.3571765422821045
2.4136977195739746
2.4303345680236816
2.4271786212921143
2.392188787460327
2.3960554599761963
2.3719239234924316
2.399981737136841
2.3895323276519775
2.3914003372192383
2.3872158527374268
2.4174740314483643
2.382690906524658
2.4098732471466064
2.3897087574005127
2.430006265640259
2.4000306129455566
2.4144446849823
2.4217021465301514
2.4382524490356445
2.3921265602111816
2.4427244663238525
2.4295473098754883
2.447258710861206
2.427544116973877
2.457472085952759
2.447439193725586
2.476344347000122
2.4406378269195557
2.472569465637207
2.459543228149414
2.4932825565338135
2.4611728191375732
2.464181900024414
2.447540760040283
2.484079360961914
2.4347901344299316
2.4882235527038574
2.4791557788848877
2.501494884490967
2.47469162940979
2.493908405303955
2.4763734340667725
2.5173161029815674
2.4768009185791016
2.512687921524048
2.496401309967041
2.513065814971924
2.5032410621643066
2.508446216583252
2.498039722442627
2.540883779525757
2.483475685119629
2.5353777408599854
2.5264031887054443
2.5381124019622803
2.4964070320129395
2.5259692668914795
2.5094540119171143
2.544768810272217
2.5046586990356445
2.563556432723999
2.5269012451171875
2.5594675540924072
2.548504590988159
2.5497872829437256
2.5299313068389893
2.5831727981567383
2.519416570663452
2.5786666870117188
2.5583291053771973
2.6143391132354736
2.565173864364624
2.5771071910858154
2.5681161880493164
2.5913822650909424
2.548719644546509
2.60097074508667
2.5722391605377197
2.6145124435424805
2.599126100540161
2.592209815979004
2.5922629833221436
2.6534900665283203
2.5843656063079834
2.6184399127960205
2.614206075668335
2.6169261932373047
2.607940673828125
2.6264779567718506
2.621824026107788
2.6394400596618652
2.605250120162964
2.6480188369750977
2.6211023330688477
2.6610498428344727
2.6309399604797363
2.6394457817077637
2.633225202560425
2.6756932735443115
2.6265127658843994
2.6825244426727295
2.6678338050842285
2.697559356689453
2.6594271659851074
2.6918435096740723
2.660548686981201
2.6877987384796143
2.658571720123291
2.6930696964263916
2.671887159347534
2.7156918048858643
2.683584451675415
2.6857807636260986
2.718400001525879
2.723935127258301
2.673384428024292
2.7441632747650146
2.699319839477539
2.7254045009613037
2.7179129123687744
2.715064287185669
2.7694010734558105
2.7954413890838623
2.733304500579834
2.7879390716552734
2.7769336700439453
2.8081462383270264
2.7685418128967285
2.78861665725708
2.767446994781494
2.8086462020874023
2.7706429958343506
2.8093512058258057
2.7890706062316895
2.8368663787841797
2.7936336994171143
2.8030917644500732
2.81003475189209
2.824155569076538
2.8025527000427246
2.919093608856201
2.901764154434204
2.8478808403015137
2.8927013874053955
2.9211089611053467
2.9119248390197754
2.9565446376800537
2.884387493133545
2.9171533584594727
2.937852621078491
2.8791143894195557
2.8289620876312256
2.83379864692688
2.881746530532837
2.8833558559417725
2.821776866912842
2.8785643577575684
2.8726301193237305
2.8848156929016113
2.8558316230773926
2.879972219467163
2.858036756515503
2.94431734085083
2.849454402923584
2.905571222305298
2.8834073543548584
2.9370718002319336
2.8836255073547363
2.8874974250793457
2.8944032192230225
2.9160380363464355
2.8595738410949707
2.938140392303467
2.8873531818389893
2.928600788116455
2.9086031913757324
2.912268877029419
2.9132542610168457
2.95403790473938
2.8911099433898926
2.9478821754455566
2.8959450721740723
2.919325590133667
2.9004101753234863
2.89988374710083
2.910919666290283
2.9503891468048096
2.8809585571289062
2.929917097091675
2.9268739223480225
2.9437685012817383
2.9096789360046387
2.944369077682495
2.929150104522705
2.9703738689422607
2.9122257232666016
2.9706826210021973
2.960723638534546
2.993645191192627
2.9465551376342773
2.9945292472839355
2.958705425262451
2.9822487831115723
2.932624101638794
