0.02593064308166504
0.0468745231628418
0.06881546974182129
0.11768507957458496
0.14261746406555176
0.16054272651672363
0.19259405136108398
0.21642112731933594
0.2343730926513672
0.2702772617340088
0.3181478977203369
0.3360726833343506
0.3570442199707031
0.4667508602142334
0.5056483745574951
0.4996621608734131
0.5451374053955078
0.5765883922576904
0.6255154609680176
0.6293172836303711
0.6622943878173828
0.7092411518096924
0.7132363319396973
0.7672150135040283
0.7880477905273438
0.8653275966644287
0.8857278823852539
0.8811759948730469
0.8887784481048584
1.0138745307922363
1.0274734497070312
1.0354249477386475
1.0741956233978271
1.068197250366211
1.1391363143920898
1.1516244411468506
1.2470879554748535
1.265002727508545
1.3059511184692383
1.354691505432129
1.3271121978759766
1.3621609210968018
1.376617431640625
1.4833381175994873
1.5385451316833496
1.523679494857788
1.6157963275909424
1.5679388046264648
1.6458556652069092
1.724642276763916
1.6172146797180176
1.70426344871521
1.9789884090423584
2.008298397064209
2.0564496517181396
2.0566859245300293
2.1465916633605957
2.151637077331543
2.1312382221221924
2.198362112045288
2.26979660987854
2.316586971282959
2.3454694747924805
2.3010144233703613
2.390406608581543
2.431439161300659
2.51072096824646
2.491070032119751
2.6399083137512207
2.7546305656433105
2.8024206161499023
2.6659603118896484
2.755453586578369
2.8038339614868164
2.8395657539367676
2.9197826385498047
2.9785332679748535
3.0782573223114014
2.879828453063965
2.862881898880005
3.0398874282836914
3.155841112136841
3.0865914821624756
3.248077630996704
3.219089984893799
3.1801273822784424
3.2169747352600098
3.229976177215576
3.285095691680908
3.38911771774292
3.364560842514038
3.400846481323242
3.428889513015747
3.5566532611846924
3.6137197017669678
3.575915575027466
3.6233150959014893
3.6399171352386475
3.5948784351348877
3.5869064331054688
