0.031914710998535156
0.06283235549926758
0.09375
0.1685495376586914
0.18949174880981445
0.2263941764831543
0.2508656978607178
0.29238367080688477
0.3143751621246338
0.3651454448699951
0.40703415870666504
0.4220085144042969
0.4799010753631592
0.6025407314300537
0.6153545379638672
0.6432793140411377
0.6892869472503662
0.7581324577331543
0.7868940830230713
0.8084688186645508
0.8467636108398438
0.9067122936248779
0.9596962928771973
1.0077261924743652
1.0342953205108643
1.064366102218628
1.0583531856536865
1.163475751876831
1.223076343536377
1.2611029148101807
1.3146076202392578
1.3360028266906738
1.3101258277893066
1.3930964469909668
1.4505057334899902
1.527358055114746
1.5940508842468262
1.555964469909668
1.5884640216827393
1.6646513938903809
1.6917903423309326
1.7609155178070068
1.8663902282714844
1.858288049697876
1.9181277751922607
1.9370734691619873
1.8965935707092285
1.9506030082702637
1.9780519008636475
2.0172524452209473
2.062814235687256
2.1026220321655273
2.3754208087921143
2.4349701404571533
2.473141670227051
2.531012535095215
2.586341142654419
2.6188671588897705
2.6417551040649414
2.682234048843384
2.7402353286743164
2.806096076965332
2.8310811519622803
2.897277593612671
3.022063732147217
3.046313762664795
3.0681214332580566
3.0827243328094482
3.164032220840454
3.2987685203552246
3.313652276992798
3.3534939289093018
3.3541228771209717
3.3934919834136963
3.6278202533721924
3.497119665145874
3.7446258068084717
3.6934328079223633
3.5511341094970703
3.5580623149871826
3.581129789352417
3.6306779384613037
3.7511279582977295
3.71592378616333
3.803551197052002
3.847338914871216
3.9022538661956787
3.9385640621185303
3.9948995113372803
4.066783428192139
4.032465696334839
4.0722386837005615
4.010494232177734
4.109660387039185
4.218739986419678
4.17182731628418
4.198049545288086
4.242280721664429
4.273199081420898
4.324698448181152
