0.0029921531677246094
0.0049855709075927734
0.007979154586791992
0.01199030876159668
0.013967514038085938
0.016920804977416992
0.01894378662109375
0.02191329002380371
0.027897357940673828
0.030915498733520508
0.03690147399902344
0.038926124572753906
0.041847944259643555
0.043845415115356445
0.046885013580322266
0.049866437911987305
0.051859140396118164
0.056847572326660156
0.058808326721191406
0.06179976463317871
0.06280159950256348
0.06578969955444336
0.06981372833251953
0.0729055404663086
0.07583141326904297
0.07779669761657715
0.08380746841430664
0.08477520942687988
0.08677458763122559
0.08933401107788086
0.09372162818908691
0.09577274322509766
0.11503863334655762
0.11569023132324219
0.1206827163696289
0.12432479858398438
0.12662696838378906
0.13161849975585938
0.13762998580932617
0.13774871826171875
0.14557528495788574
0.1466078758239746
0.15421319007873535
0.16955280303955078
0.15857505798339844
0.15957355499267578
0.16362977027893066
0.1655564308166504
0.16956782341003418
0.16858577728271484
0.17174720764160156
0.17353558540344238
0.17556047439575195
0.18250560760498047
0.18661713600158691
0.18849587440490723
0.19348382949829102
0.19847798347473145
0.20404624938964844
0.20894193649291992
0.20843935012817383
0.20844125747680664
0.21442651748657227
0.21559357643127441
0.22240495681762695
0.2193894386291504
0.22835540771484375
0.23340582847595215
0.23156952857971191
0.2334439754486084
0.23938894271850586
0.24032831192016602
0.25033044815063477
0.2533228397369385
0.2575371265411377
0.2573103904724121
0.2602691650390625
0.2632944583892822
0.26831483840942383
0.2742311954498291
0.27397680282592773
0.26880645751953125
0.274261474609375
0.28128719329833984
0.28523707389831543
0.29624128341674805
0.29421305656433105
0.2972087860107422
0.3033421039581299
0.302842378616333
0.3141951560974121
0.31618523597717285
0.3191111087799072
0.3221278190612793
0.32213258743286133
0.32076144218444824
0.3358273506164551
0.3372664451599121
0.33795738220214844
0.33867597579956055
0.3430819511413574
0.3470757007598877
0.35208845138549805
0.3496260643005371
0.3540480136871338
0.356048583984375
0.3620297908782959
0.3690464496612549
0.36900854110717773
0.37296414375305176
0.3826935291290283
0.38366079330444336
0.39719486236572266
0.39414000511169434
0.3918755054473877
0.3921341896057129
0.39470338821411133
0.4065368175506592
0.4089314937591553
0.4089694023132324
0.41852283477783203
0.4190542697906494
0.4170243740081787
0.4208550453186035
0.4220588207244873
0.422008752822876
0.42299985885620117
0.4232497215270996
0.4404416084289551
0.4370381832122803
0.44800853729248047
0.5001130104064941
0.5109927654266357
0.5147833824157715
0.5181889533996582
0.5176148414611816
0.5245678424835205
0.5245938301086426
0.5305759906768799
0.5313587188720703
0.5401077270507812
0.5498883724212646
0.5541973114013672
0.5457360744476318
0.557478666305542
0.5595085620880127
0.5595030784606934
0.5516178607940674
0.5573530197143555
0.56577467918396
0.5815689563751221
0.5714712142944336
0.5834100246429443
0.5854055881500244
0.5904808044433594
0.5866408348083496
0.5932011604309082
0.5939996242523193
0.6044111251831055
0.6020171642303467
0.6174914836883545
0.6184608936309814
0.6259479522705078
0.6233334541320801
0.6319549083709717
0.6364376544952393
0.65199875831604
0.6707696914672852
0.6737406253814697
0.6744399070739746
0.687324047088623
0.6782138347625732
0.6773779392242432
0.6774146556854248
0.6794798374176025
0.6990985870361328
0.7013883590698242
0.7112505435943604
0.7230303287506104
0.7213003635406494
0.7092950344085693
0.7260630130767822
0.7075052261352539
0.7103307247161865
0.7368366718292236
0.7246477603912354
0.7474191188812256
0.751129150390625
0.754751443862915
0.7491903305053711
0.7405993938446045
0.737572431564331
0.7283003330230713
0.7506499290466309
0.7574732303619385
0.7520911693572998
0.7242827415466309
0.7300753593444824
0.7417771816253662
0.7311723232269287
0.7469732761383057
0.7381961345672607
0.7571637630462646
0.7539889812469482
0.7533612251281738
0.7706921100616455
0.7699685096740723
0.7621510028839111
0.7704281806945801
0.7729613780975342
0.7772116661071777
0.7773909568786621
0.7734735012054443
0.7891156673431396
0.8004512786865234
0.7937061786651611
0.8062553405761719
0.7988617420196533
0.8100519180297852
0.8110415935516357
0.8250761032104492
0.816525936126709
0.825345516204834
0.8233845233917236
0.8387894630432129
0.8428897857666016
0.8469445705413818
0.849567174911499
0.8459112644195557
0.8573880195617676
0.8626985549926758
0.8629708290100098
0.8744158744812012
0.8649601936340332
0.8952579498291016
0.8827779293060303
0.8882498741149902
0.8895347118377686
0.9015882015228271
0.8977417945861816
0.9080042839050293
0.901822566986084
0.9087193012237549
0.906768798828125
0.9122562408447266
0.9109189510345459
0.9193465709686279
0.9212594032287598
0.9267349243164062
0.9256253242492676
0.9352736473083496
0.9332878589630127
0.9415254592895508
0.9386732578277588
0.9546465873718262
0.9420692920684814
0.9700264930725098
0.9645981788635254
0.9779708385467529
0.9885547161102295
1.0320930480957031
0.998457670211792
0.9706780910491943
0.9602572917938232
0.9746084213256836
0.973055362701416
0.9860215187072754
0.9964816570281982
0.994063138961792
0.9944484233856201
1.015333890914917
0.9982187747955322
1.0159287452697754
1.020674228668213
1.0123682022094727
1.0089151859283447
1.0165824890136719
1.030808687210083
1.02396559715271
1.0228960514068604
1.0813698768615723
1.0772879123687744
1.0453112125396729
1.042440414428711
1.0624182224273682
1.0924313068389893
1.0593552589416504
1.0567853450775146
1.0872142314910889
1.0803325176239014
1.0677812099456787
1.0763964653015137
1.0973045825958252
1.083237886428833
1.088460922241211
1.0843446254730225
1.0962259769439697
1.0950889587402344
1.126166820526123
1.1139123439788818
1.1237411499023438
1.1311771869659424
1.137035846710205
1.1330809593200684
1.1515438556671143
1.141620397567749
1.1493046283721924
1.1445536613464355
1.1457867622375488
1.1676366329193115
1.1720926761627197
1.141296148300171
1.1665616035461426
1.1644248962402344
1.1779534816741943
1.1776304244995117
1.1800129413604736
1.1773769855499268
1.1857225894927979
1.1777691841125488
1.204399824142456
1.2010643482208252
1.2133965492248535
1.2006566524505615
1.2125253677368164
1.215003252029419
1.233586311340332
1.183459758758545
1.200037956237793
1.1964936256408691
1.2187743186950684
1.2109601497650146
1.2268450260162354
1.2241427898406982
1.2284173965454102
1.2149920463562012
1.2383666038513184
1.2318658828735352
1.2400307655334473
1.2308566570281982
1.2393126487731934
1.2637858390808105
1.2687761783599854
1.267378568649292
1.2720704078674316
1.2693908214569092
1.2822120189666748
1.280273675918579
1.282625436782837
1.279252529144287
1.2926380634307861
1.2830500602722168
1.308382511138916
1.3046722412109375
1.3290324211120605
1.3170359134674072
1.3097314834594727
1.3231079578399658
1.3311796188354492
1.337864637374878
1.3324024677276611
1.3627433776855469
1.3611254692077637
1.35101318359375
1.3691234588623047
1.360170602798462
1.3779807090759277
1.3704538345336914
1.390613317489624
1.3854224681854248
1.3891642093658447
1.388489007949829
1.3741052150726318
1.3846313953399658
1.4099020957946777
1.3895094394683838
1.3899331092834473
1.3878915309906006
1.401437520980835
1.417961835861206
1.45676851272583
1.453352689743042
1.4413352012634277
1.439279556274414
1.4890930652618408
1.4502778053283691
1.4461321830749512
1.445338487625122
1.4487488269805908
1.4526846408843994
1.4598031044006348
1.450334072113037
1.4644420146942139
1.423478126525879
1.5017733573913574
1.4500665664672852
1.4533493518829346
1.4594011306762695
1.463815689086914
1.4680018424987793
1.4804630279541016
1.4693925380706787
1.4909391403198242
1.4782631397247314
1.4919757843017578
1.482243537902832
1.4970529079437256
1.4884908199310303
1.5136206150054932
1.507131814956665
1.5186488628387451
1.509476661682129
1.515556812286377
1.5161573886871338
1.5311808586120605
1.528670310974121
1.5540475845336914
1.5306458473205566
1.5573816299438477
1.5436582565307617
1.5453517436981201
1.5482666492462158
1.5610730648040771
1.5647225379943848
1.5554912090301514
1.5460593700408936
1.580582857131958
1.5875906944274902
1.5904393196105957
1.5952465534210205
1.6073603630065918
1.5959620475769043
1.6281704902648926
1.6107070446014404
1.6141438484191895
1.6125233173370361
1.6128177642822266
1.6393046379089355
1.6302025318145752
1.6219396591186523
1.646815538406372
1.6507909297943115
1.6352932453155518
1.6336896419525146
1.6409146785736084
1.635803461074829
1.6557135581970215
1.6341614723205566
1.6783192157745361
1.6623339653015137
1.688169240951538
1.674015998840332
1.6798155307769775
1.6850965023040771
1.676633358001709
1.7449829578399658
1.7595276832580566
1.6832430362701416
1.664060354232788
1.7002239227294922
1.7071259021759033
1.6814780235290527
1.706822156906128
1.6775612831115723
1.7118861675262451
1.6938750743865967
1.6943004131317139
1.6988625526428223
1.7080719470977783
1.7356505393981934
1.7393286228179932
1.7124876976013184
1.7610883712768555
1.741342306137085
1.755392074584961
1.734682559967041
1.7932243347167969
1.815265417098999
1.8263611793518066
1.8117749691009521
1.8308696746826172
1.8101375102996826
1.8825290203094482
1.8084516525268555
1.8552765846252441
1.873302936553955
1.8654775619506836
1.863429069519043
1.8792955875396729
1.849372148513794
1.892334222793579
1.878695011138916
1.8834106922149658
1.8434967994689941
1.912668228149414
1.876464605331421
1.873399257659912
1.895911455154419
1.8814458847045898
1.8652312755584717
1.8942773342132568
1.896721363067627
1.894521713256836
1.8598179817199707
1.9047796726226807
1.8894710540771484
1.8897652626037598
1.8404738903045654
1.8474960327148438
1.860907793045044
1.868680477142334
1.841090440750122
1.8909473419189453
1.897097110748291
1.9038128852844238
1.9043221473693848
1.8983614444732666
1.9281096458435059
1.922893762588501
1.9062728881835938
1.9093852043151855
1.9216959476470947
1.9469945430755615
1.9678101539611816
2.1875617504119873
2.207552433013916
2.175673484802246
2.158392906188965
2.182762622833252
2.1980175971984863
2.189056396484375
2.185382604598999
2.1929309368133545
2.2024104595184326
2.2178616523742676
2.199829578399658
2.2345566749572754
2.2132503986358643
2.2304201126098633
2.2360482215881348
2.2207188606262207
2.2155308723449707
2.2302019596099854
2.238783597946167
2.2413454055786133
2.2471776008605957
2.2614333629608154
2.2593066692352295
2.2434628009796143
2.256748914718628
2.2857704162597656
2.255868434906006
2.255876302719116
2.317711591720581
2.357771873474121
2.3831377029418945
2.3258278369903564
2.337407350540161
2.315748453140259
2.3022632598876953
2.341160535812378
2.3087966442108154
2.327319622039795
2.326202869415283
2.3420188426971436
2.337268114089966
2.364501476287842
2.3566579818725586
2.372652769088745
2.3499083518981934
2.3765928745269775
2.379950761795044
2.3667218685150146
2.3415894508361816
2.384016275405884
2.3454935550689697
2.3854920864105225
2.382892370223999
2.403998613357544
2.3933379650115967
2.39924955368042
2.4073569774627686
2.427905559539795
2.401526689529419
2.4297773838043213
2.3924262523651123
2.422269105911255
2.4232864379882812
2.427440881729126
2.393923759460449
2.4159059524536133
2.4667327404022217
2.4230408668518066
2.408473014831543
2.4493610858917236
2.423872470855713
2.4681527614593506
2.510450839996338
2.4711437225341797
2.483750820159912
2.5476772785186768
2.543627977371216
2.5403287410736084
2.4764413833618164
2.5000247955322266
2.4759368896484375
2.475376605987549
2.470358371734619
2.5077874660491943
2.494309186935425
2.51111102104187
2.5240564346313477
2.5192580223083496
2.521366834640503
2.5402650833129883
2.5117530822753906
2.541740655899048
2.5302529335021973
2.5545194149017334
2.550588846206665
2.5665478706359863
2.561516761779785
2.560206413269043
2.6012868881225586
2.5769336223602295
2.570495843887329
2.57904052734375
2.573533535003662
2.5812339782714844
2.5889391899108887
2.6103715896606445
2.579288959503174
2.621455430984497
2.624321222305298
2.6030585765838623
2.6097147464752197
2.628948450088501
2.603935956954956
2.5920848846435547
2.595642566680908
2.6760354042053223
2.6418824195861816
2.7093427181243896
2.7742156982421875
2.697967529296875
2.6727712154388428
2.674924373626709
2.740253210067749
2.6837706565856934
2.6574366092681885
2.704653263092041
2.6857423782348633
2.7055439949035645
2.701993942260742
2.7268266677856445
2.699110269546509
2.7419064044952393
2.732804536819458
2.738551616668701
2.7226946353912354
2.741248607635498
2.762892484664917
2.7710037231445312
2.74977445602417
2.7808027267456055
2.7770426273345947
2.803380012512207
2.7628302574157715
2.7706830501556396
2.7797749042510986
2.7911434173583984
2.744443655014038
2.807394504547119
2.78316068649292
2.815098762512207
2.805628538131714
2.8064217567443848
2.8173675537109375
2.8348488807678223
2.7921130657196045
2.8245649337768555
2.8249502182006836
2.8741841316223145
2.861450433731079
2.864661693572998
2.8633062839508057
2.889498233795166
2.8708131313323975
2.871776819229126
2.930673837661743
3.0185184478759766
2.8912737369537354
2.9521541595458984
2.9484639167785645
2.949298620223999
2.8939900398254395
2.9976882934570312
2.9845967292785645
2.9654688835144043
2.924062490463257
2.942239761352539
2.925492286682129
2.94980788230896
2.9157800674438477
2.9344773292541504
2.9115116596221924
2.948138475418091
2.961430549621582
2.9292078018188477
2.946516990661621
3.036381959915161
3.0397591590881348
3.0037131309509277
2.951655864715576
2.9925119876861572
2.981631278991699
2.9585177898406982
2.9737331867218018
3.000826120376587
2.983482837677002
2.936647415161133
2.957017183303833
2.958533525466919
2.942031145095825
2.9566445350646973
2.9868364334106445
3.016308069229126
3.0129590034484863
3.026704788208008
3.0089991092681885
3.031468629837036
3.0373330116271973
3.0380403995513916
2.9981613159179688
3.0292608737945557
3.0205187797546387
3.0651607513427734
3.024615526199341
3.0782158374786377
3.0543265342712402
3.061285972595215
3.051088333129883
3.0726890563964844
3.0691633224487305
3.082943916320801
3.050811529159546
3.1215221881866455
3.0997416973114014
3.1064438819885254
3.101201295852661
3.1037800312042236
3.0964996814727783
3.122166872024536
3.0876026153564453
3.129966974258423
3.099679708480835
3.1081063747406006
3.120384931564331
3.1352152824401855
3.113053321838379
3.1556496620178223
3.1195223331451416
3.1793274879455566
3.1512153148651123
3.1502695083618164
3.142245292663574
3.1546413898468018
3.1289210319519043
3.2398769855499268
3.1925253868103027
3.2054550647735596
3.1807472705841064
3.18314266204834
3.201740264892578
3.2136716842651367
3.2055182456970215
3.2225897312164307
3.207692861557007
3.270157814025879
3.246969699859619
3.23543119430542
3.2598414421081543
3.2427613735198975
3.240675210952759
3.2723679542541504
3.2479567527770996
3.1489017009735107
3.1297338008880615
3.1418704986572266
3.177659749984741
3.1740434169769287
3.163822650909424
3.2023282051086426
3.1851277351379395
3.2005884647369385
3.19830584526062
3.192003011703491
3.20025372505188
3.1994736194610596
3.1779398918151855
3.2195725440979004
3.2064292430877686
3.215223789215088
3.201228618621826
3.202085494995117
3.226933240890503
3.2216272354125977
3.229994773864746
3.2316250801086426
3.2150330543518066
3.3144383430480957
3.283345937728882
3.2842962741851807
3.2914912700653076
3.3107755184173584
3.2606472969055176
3.298232316970825
3.296590566635132
3.323911666870117
3.271592140197754
3.302436113357544
3.307866096496582
3.339176654815674
3.3040711879730225
3.348881959915161
3.3450088500976562
3.361528158187866
3.3311352729797363
3.4453353881835938
3.4392874240875244
3.3805534839630127
3.4025802612304688
3.4624459743499756
3.5020546913146973
3.480821132659912
3.442293882369995
3.411670684814453
3.378976583480835
3.3753092288970947
3.3793137073516846
3.3910017013549805
3.3530287742614746
3.401571273803711
3.36692214012146
3.366941452026367
3.3863158226013184
3.3961734771728516
3.3951456546783447
3.4223175048828125
3.395500421524048
3.4157557487487793
3.3414418697357178
3.3528950214385986
3.4241957664489746
3.419461488723755
3.3928725719451904
3.433583974838257
3.4184579849243164
3.4590587615966797
3.4261627197265625
3.4365015029907227
3.4369516372680664
3.4469971656799316
3.4075984954833984
3.4330742359161377
3.4196197986602783
3.4576830863952637
3.4340386390686035
3.4268364906311035
3.4223263263702393
3.4507102966308594
3.423832654953003
3.442495822906494
3.442397117614746
3.5316057205200195
3.4871182441711426
3.4632396697998047
3.476742744445801
3.5360209941864014
3.4809916019439697
3.5300958156585693
3.4803102016448975
3.500948190689087
3.4891953468322754
3.433743476867676
3.455313205718994
3.4673004150390625
3.428844451904297
3.482839822769165
3.455202579498291
3.5022361278533936
3.4713077545166016
3.4721620082855225
3.479987382888794
3.4817888736724854
3.468637228012085
3.546647787094116
3.506021499633789
3.56839656829834
3.5353033542633057
3.5481669902801514
3.501434564590454
3.5415847301483154
3.522531509399414
3.560469150543213
3.529970169067383
3.5816638469696045
3.564725160598755
3.57293438911438
3.564131021499634
3.6011548042297363
3.557673931121826
3.6066040992736816
3.5567846298217773
3.5916271209716797
3.591400384902954
3.5842082500457764
3.6075210571289062
3.627016067504883
3.5948100090026855
3.6501221656799316
3.616309881210327
3.706679105758667
3.6351840496063232
3.6799449920654297
3.6580233573913574
3.6748287677764893
3.634762763977051
3.6935269832611084
3.655534505844116
3.6959946155548096
3.692204713821411
3.666414976119995
3.6928210258483887
3.6875603199005127
3.6527016162872314
3.694408416748047
3.656707525253296
3.7399933338165283
3.7191812992095947
3.7636804580688477
3.7505860328674316
3.7417151927948
3.7298731803894043
3.769068717956543
3.7504754066467285
3.813817024230957
3.819093704223633
3.848076581954956
3.8237617015838623
3.784047842025757
3.7480411529541016
3.839125394821167
4.195526361465454
4.267189264297485
3.978308916091919
3.950413703918457
4.456191301345825
3.9989473819732666
3.8987908363342285
4.065070867538452
3.854654312133789
3.8974952697753906
3.9100282192230225
4.121411323547363
3.9316134452819824
3.8634965419769287
3.9180805683135986
3.9441568851470947
3.837721586227417
3.9294967651367188
3.8391523361206055
3.8558223247528076
3.849775552749634
3.8864684104919434
3.832982063293457
3.867663860321045
3.873042345046997
4.106960773468018
4.154960632324219
3.9833967685699463
3.996189832687378
4.001067161560059
3.949751377105713
4.018982410430908
4.037631273269653
4.006763458251953
3.953195333480835
3.9518826007843018
3.985736131668091
3.9770963191986084
3.934898853302002
4.581436634063721
3.9968349933624268
4.127669811248779
4.277294158935547
4.218616962432861
4.002251386642456
4.094834566116333
3.9992265701293945
